image: tunnel_edited.pgm
resolution: 0.020000
origin: [-20.48000, -92.215000, 0.000000]
negate: 0
occupied_thresh: 0.6
free_thresh: 0.1

